name: crypto_env
channels:
  - conda-forge
  - msys2
  - defaults
dependencies:
  - cycler=0.10.0=py_1
  - cython=0.28.5=py35h6538335_0
  - fbprophet=0.3.post2=py35_vc14_0
  - freetype=2.9.1=h5db478b_1005
  - jpeg=9c=hfa6e2cd_1001
  - kiwisolver=1.0.1=py35he980bc4_2
  - libpng=1.6.36=h7602738_1000
  - mkl_fft=1.0.9=py35_0
  - mkl_random=1.0.1=py35_0
  - pandas=0.23.4=py35h830ac7b_0
  - pyparsing=2.3.1=py_0
  - pystan=2.17.1.0=py35h830ac7b_2
  - python-dateutil=2.8.0=py_0
  - pytz=2018.9=py_0
  - six=1.11.0=py35_1
  - sqlite=3.26.0=hfa6e2cd_1001
  - tornado=5.1.1=py35hfa6e2cd_0
  - zlib=1.2.11=h2fa13f4_1004
  - _tflow_select=2.3.0=mkl
  - absl-py=0.4.1=py35_0
  - astor=0.7.1=py35_0
  - blas=1.0=mkl
  - ca-certificates=2019.1.23=0
  - certifi=2018.8.24=py35_1
  - colorama=0.3.9=py35h32a752f_0
  - gast=0.2.0=py35_0
  - grpcio=1.12.1=py35h1a1b453_0
  - icc_rt=2019.0.0=h0cc432a_1
  - icu=58.2=ha66f8fd_1
  - intel-openmp=2019.1=144
  - libmklml=2019.0.3=0
  - libprotobuf=3.6.0=h1a1b453_0
  - libpython=2.1=py35_0
  - markdown=2.6.11=py35_0
  - matplotlib=3.0.0=py35hd159220_0
  - mkl=2018.0.3=1
  - numpy=1.15.2=py35ha559c80_0
  - numpy-base=1.15.2=py35h8128ebf_0
  - openssl=1.1.1b=he774522_1
  - pip=10.0.1=py35_0
  - protobuf=3.6.0=py35he025d50_0
  - pyqt=5.9.2=py35h6538335_2
  - python=3.5.6=he025d50_0
  - qt=5.9.7=vc14h73c81de_0
  - scipy=1.1.0=py35h4f6bf74_1
  - setuptools=40.2.0=py35_0
  - sip=4.19.8=py35h6538335_0
  - tensorboard=1.10.0=py35he025d50_0
  - tensorflow=1.10.0=mkl_py35h4a0f5c2_0
  - tensorflow-base=1.10.0=mkl_py35h81393da_0
  - termcolor=1.1.0=py35_1
  - vc=14.1=h0510ff6_4
  - vs2015_runtime=14.15.26706=h3a45250_0
  - werkzeug=0.14.1=py35_0
  - wheel=0.31.1=py35_0
  - wincertstore=0.2=py35hfebbdb8_0
  - m2w64-binutils=2.25.1=5
  - m2w64-bzip2=1.0.6=6
  - m2w64-crt-git=5.0.0.4636.2595836=2
  - m2w64-gcc=5.3.0=6
  - m2w64-gcc-ada=5.3.0=6
  - m2w64-gcc-fortran=5.3.0=6
  - m2w64-gcc-libgfortran=5.3.0=6
  - m2w64-gcc-libs=5.3.0=7
  - m2w64-gcc-libs-core=5.3.0=7
  - m2w64-gcc-objc=5.3.0=6
  - m2w64-gmp=6.1.0=2
  - m2w64-headers-git=5.0.0.4636.c0ad18a=2
  - m2w64-isl=0.16.1=2
  - m2w64-libiconv=1.14=6
  - m2w64-libmangle-git=5.0.0.4509.2e5a9a2=2
  - m2w64-libwinpthread-git=5.0.0.4634.697f757=2
  - m2w64-make=4.1.2351.a80a8b8=2
  - m2w64-mpc=1.0.3=3
  - m2w64-mpfr=3.1.4=4
  - m2w64-pkg-config=0.29.1=2
  - m2w64-toolchain=5.3.0=7
  - m2w64-tools-git=5.0.0.4592.90b8472=2
  - m2w64-windows-default-manifest=6.4=3
  - m2w64-winpthreads-git=5.0.0.4634.697f757=2
  - m2w64-zlib=1.2.8=10
  - msys2-conda-epoch=20160418=1
  - pip:
    - ad==1.3.2
    - attrs==19.1.0
    - chardet==3.0.4
    - decorator==4.3.2
    - h5py==2.9.0
    - idna==2.8
    - ipython-genutils==0.2.0
    - jsonschema==3.0.1
    - jupyter-core==4.4.0
    - keras==2.2.4
    - keras-applications==1.0.7
    - keras-preprocessing==1.0.9
    - nbformat==4.4.0
    - plotly==3.7.0
    - pyrsistent==0.14.11
    - pyyaml==3.13
    - requests==2.21.0
    - retrying==1.3.3
    - scikit-learn==0.20.3
    - sklearn==0.0
    - traitlets==4.3.2
    - urllib3==1.24.1
